17
LngfishAu  0.0000000 0.4570249 0.4419134 0.4936899 0.6773028 0.8473206 0.8089878 0.8272334 0.8230994 0.7289284 0.6623473 0.7322943 0.7108075 0.7460117 0.7685995 0.7678004 0.7153280 
LngfishSA  0.4570249 0.0000000 0.3490153 0.6301782 0.7722524 0.8532860 0.8385839 0.8049699 0.7330010 0.7986870 0.7345968 0.8019297 0.7750217 0.7553939 0.8485198 0.7807595 0.6467256 
LngfishAf  0.4419134 0.3490153 0.0000000 0.6186464 0.7358280 0.9024086 0.9621499 0.9106259 0.8274551 0.8728707 0.7877750 0.8269423 0.7925508 0.8102336 0.9019701 0.8214318 0.7180503 
Frog       0.4936899 0.6301782 0.6186464 0.0000000 0.6558930 0.8586017 0.8096900 0.8565264 0.7937159 0.7508568 0.6934119 0.7073105 0.7132305 0.7353350 0.7489816 0.7304027 0.6749907 
Turtle     0.6773028 0.7722524 0.7358280 0.6558930 0.0000000 0.5658443 0.6108034 0.5639422 0.5052468 0.6130612 0.5624881 0.5703213 0.5866567 0.5888339 0.6371704 0.6220183 0.6043428 
Sphenodon  0.8473206 0.8532860 0.9024086 0.8586017 0.5658443 0.0000000 0.7040316 0.6548272 0.6167793 0.7280069 0.7115973 0.6881744 0.7098283 0.7163837 0.7852373 0.7604694 0.6828666 
Lizard     0.8089878 0.8385839 0.9621499 0.8096900 0.6108034 0.7040316 0.0000000 0.7522867 0.6782402 0.7740074 0.7378370 0.7869791 0.8058144 0.7185206 0.8331315 0.7846230 0.7033593 
Crocodile  0.8272334 0.8049699 0.9106259 0.8565264 0.5639422 0.6548272 0.7522867 0.0000000 0.5110543 0.7817743 0.7878952 0.7871167 0.8494631 0.8791247 0.8878541 0.7912596 0.8196309 
Bird       0.8230994 0.7330010 0.8274551 0.7937159 0.5052468 0.6167793 0.6782402 0.5110543 0.0000000 0.7076124 0.7007079 0.7189049 0.7236154 0.7951046 0.7878680 0.7174689 0.7027962 
Human      0.7289284 0.7986870 0.8728707 0.7508568 0.6130612 0.7280069 0.7740074 0.7817743 0.7076124 0.0000000 0.2833780 0.2905222 0.3056267 0.3720165 0.3900481 0.4654775 0.4386196 
Seal       0.6623473 0.7345968 0.7877750 0.6934119 0.5624881 0.7115973 0.7378370 0.7878952 0.7007079 0.2833780 0.0000000 0.1978658 0.2172525 0.2913419 0.3297729 0.3932553 0.3628252 
Cow        0.7322943 0.8019297 0.8269423 0.7073105 0.5703213 0.6881744 0.7869791 0.7871167 0.7189049 0.2905222 0.1978658 0.0000000 0.1791050 0.3314353 0.3445340 0.4172392 0.3579636 
Whale      0.7108075 0.7750217 0.7925508 0.7132305 0.5866567 0.7098283 0.8058144 0.8494631 0.7236154 0.3056267 0.2172525 0.1791050 0.0000000 0.3368372 0.3691772 0.4078820 0.3734097 
Mouse      0.7460117 0.7553939 0.8102336 0.7353350 0.5888339 0.7163837 0.7185206 0.8791247 0.7951046 0.3720165 0.2913419 0.3314353 0.3368372 0.0000000 0.1474689 0.4259641 0.3620005 
Rat        0.7685995 0.8485198 0.9019701 0.7489816 0.6371704 0.7852373 0.8331315 0.8878541 0.7878680 0.3900481 0.3297729 0.3445340 0.3691772 0.1474689 0.0000000 0.4600704 0.4213324 
Platypus   0.7678004 0.7807595 0.8214318 0.7304027 0.6220183 0.7604694 0.7846230 0.7912596 0.7174689 0.4654775 0.3932553 0.4172392 0.4078820 0.4259641 0.4600704 0.0000000 0.3311239 
Opossum    0.7153280 0.6467256 0.7180503 0.6749907 0.6043428 0.6828666 0.7033593 0.8196309 0.7027962 0.4386196 0.3628252 0.3579636 0.3734097 0.3620005 0.4213324 0.3311239 0.0000000 
